A: 7.192928
B: 11977.35761
svm: [0.0265, -0.019, 0.008, 0.112] 
#svm: 0.01234
