A: 7.192928
B: 11977.35761
svm_data: [0.02659951,-0.07530305,0.05106738,-2.14228044] 
#svm: 0.01234
